25
18 79
88 34
90 65
38 33
95 37
76 9
27 17
92 61
24 21
31 59
2 26
89 68
70 62
48 72
82 51
5 46
87 71
78 96
58 10
98 42
49 32
94 57
20 22
54 69
19 15
27
36 92
82 61
51 70
11 52
35 65
9 96
25 5
87 50
60 97
91 49
6 44
81 39
59 57
66 73
89 20
95 63
24 21
88 2
79 74
31 19
83 94
75 22
30 98
84 37
53 42
90 55
36 58
2
38 3
25 74
2
75 95
75 26
4
5 4
7 3
11 8
5 6
2
3 5
9 8
2
5 7
9 4
2
8 17
8 21
12
17 31
24 12
37 27
33 11
34 46
21 44
39 9
2 8
3 20
23 43
10 30
35 41
1
20 17
1
4 20
1
5 10
4
1 25
4 11
14 5
8 9
3
20 12
8 16
20 17
1
10 7
3
26 22
25 18
19 2
5
4 8
3 9
19 11
20 14
4 16
1
9 1
3
20 12
4 2
16 37
2
10 6
15 16
2
7 4
7 9
4
8 4
6 16
18 2
8 12
2
9 10
9 7
1
5 10
2
3 8
3 10
2
1 4
2 8
1
9 18
8
4 13
3 6
12 9
21 16
26 30
14 11
19 18
4 7
3
10 5
1 4
2 3
2
3 9
3 12
1
3 9
4
2 18
3 5
15 9
2 16
3
14 10
4 13
8 11
1
16 19
2
10 5
10 3
1
2 3
4
1 7
14 4
2 12
1 3
