37

100 100
77 23
24 12
6 35
60 80
100 41
84 18
20 23
4 61
27 83
91 3
49 75
25 41
43 63
28 2
83 74
4 21
77 81
72 39
44 1
25 77
86 13
36 66
52 87
97 13
45 70
34 93
25 85
96 55
92 83
91 52
29 34
30 1
40 30
85 14
86 11
51 39
67 8
39 73
80 6
16 63
91 63
64 90
3 82
46 7
13 53
56 29
59 97
99 80
30 74
58 100
99 69
85 67
55 10
35 55
57 60
84 44
22 60
81 19
50 33
47 42
14 56
44 64
29 65
79 81
97 26
50 37
68 53
15 99
23 54
67 11
86 73
43 28
47 32
28 89
75 41
7 71
12 31
36 4
40 95
5 3
36 14
11 6
43 45
47 35
78 52
74 12
38 64
56 50
48 45
88 84
1 16
94 75
9 66
100 98
7 73
40 76
62 53
16 8
17 66
93 34

100 100
26 43
1 36
54 85
82 1
83 69
69 75
67 32
48 2
13 60
80 46
74 48
66 99
19 48
91 86
62 92
99 89
69 30
10 80
46 44
48 38
69 84
95 99
86 6
78 71
1 51
62 8
27 4
18 78
81 86
15 72
62 61
16 47
34 45
1 11
18 4
22 48
17 68
70 62
59 47
48 3
35 1
100 56
99 24
62 52
33 99
88 14
62 65
7 26
93 16
71 69
40 29
62 96
48 98
86 13
56 72
14 76
1 9
46 15
85 23
99 88
10 97
79 99
99 31
62 5
45 40
76 88
77 17
27 99
39 46
28 23
41 12
50 62
1 25
57 46
62 100
29 8
10 49
38 94
41 21
47 41
69 53
13 64
86 93
37 48
69 90
54 68
34 28
99 20
3 32
48 42
1 87
1 64
73 62
55 48
99 63
12 43
48 58
7 33
1 67
69 77

100 100
77 96
68 78
22 95
14 48
51 18
27 16
7 45
80 86
95 69
57 59
56 93
68 63
76 54
94 21
31 62
30 72
75 44
83 67
88 81
34 12
72 29
60 83
53 14
17 44
48 92
70 81
92 42
50 30
66 51
10 79
71 49
17 39
8 55
5 36
28 73
100 9
77 33
87 41
13 52
85 73
61 63
19 100
38 32
8 40
97 28
65 39
37 31
23 78
45 36
19 58
4 2
79 15
22 47
35 67
2 15
33 1
89 11
89 75
16 43
58 97
32 25
6 90
93 84
32 19
43 47
56 55
6 98
26 23
82 64
99 84
29 7
76 80
21 24
13 34
74 43
96 94
53 64
69 57
24 70
54 49
35 12
20 98
90 37
66 88
50 65
91 61
27 62
32 3
59 82
87 4
42 86
91 99
11 18
40 46
85 10
71 9
41 1
52 20
60 26
46 5

100 100
51 19
3 49
61 85
18 35
44 59
17 63
26 93
4 66
26 23
35 28
94 67
83 39
25 73
79 58
7 53
51 81
21 50
59 9
31 74
68 19
54 15
36 30
94 21
97 74
37 63
88 41
24 80
23 55
100 29
5 99
72 81
91 43
48 47
90 73
67 4
91 42
9 71
48 100
22 80
57 78
8 90
1 40
82 62
39 95
76 32
2 58
96 84
84 3
82 27
86 64
18 2
14 33
96 88
46 6
61 70
92 36
34 27
65 16
53 55
5 78
16 89
7 47
17 11
25 72
66 87
57 52
42 97
50 77
38 8
99 86
6 52
87 70
54 22
10 30
65 98
13 69
76 11
29 56
13 89
37 10
60 77
41 15
39 20
91 20
56 45
46 32
79 34
44 69
45 43
60 68
38 14
98 31
33 24
64 93
71 12
1 49
75 83
92 40
28 85
62 12

14 13
5 1
13 3
1 7
10 13
14 11
10 9
2 10
12 1
13 8
14 12
12 2
4 14
9 6

11 16
8 2
11 4
10 6
4 9
1 7
5 5
6 10
2 8
3 7
4 5
11 6
4 11
10 1
3 7
4 8
6 10

12 12
9 8
2 12
6 12
5 3
3 11
5 10
1 11
2 8
6 7
12 1
4 6
10 3

22 35
13 2
15 12
22 3
4 3
9 22
3 4
16 15
13 21
11 5
5 10
5 14
5 10
12 16
7 3
10 6
12 18
17 17
21 21
6 8
22 6
11 14
16 12
11 17
9 6
16 20
4 18
15 19
7 18
1 2
19 1
8 8
13 20
14 9
1 12
18 3

46 47
15 40
16 32
4 21
38 15
45 32
45 34
10 32
4 18
14 6
32 40
3 19
31 42
39 4
7 28
22 42
9 6
38 13
5 30
5 25
46 29
19 18
7 28
2 4
22 12
41 5
1 17
42 26
45 18
16 36
24 36
29 15
42 27
11 40
6 8
33 16
14 13
43 38
35 32
7 14
28 20
26 32
13 38
18 23
36 37
1 13
25 1
15 44

21 23
20 16
6 4
13 18
3 19
1 15
18 21
14 4
15 16
3 19
3 14
12 8
17 9
5 1
7 12
10 7
17 9
11 18
11 5
21 8
3 10
6 17
2 18
2 13

21 28
16 11
9 1
21 18
2 7
12 9
8 7
7 19
2 13
9 1
11 14
4 6
20 10
16 3
5 18
12 8
1 14
5 13
6 3
5 13
3 3
15 18
17 15
20 10
16 14
20 15
15 17
21 18
7 19

20 22
17 14
7 14
10 9
5 7
11 15
3 8
20 11
1 6
9 3
1 18
18 19
13 19
15 2
15 17
2 12
4 10
6 16
5 7
4 20
14 17
16 12
8 13

27 43
13 10
8 16
27 26
25 18
12 14
12 12
6 22
19 6
20 7
22 24
21 23
19 2
8 8
23 18
5 20
2 24
9 9
13 2
4 17
21 27
7 9
1 3
10 13
10 13
7 21
17 4
8 16
18 25
1 13
13 10
20 5
9 15
19 12
11 23
23 23
4 13
27 19
16 12
3 3
15 9
3 1
26 27
25 25

21 31
11 11
13 10
3 4
2 7
8 8
13 5
11 7
18 1
12 21
19 12
16 16
15 9
11 11
8 10
1 19
20 6
15 12
8 8
3 17
5 5
5 11
3 3
14 9
10 10
18 7
6 4
21 14
6 6
4 5
21 2
4 16

10 10
7 1
3 7
10 8
6 9
3 4
5 9
2 8
5 4
6 1
7 2

28 41
26 13
16 14
9 13
13 9
4 27
5 20
6 17
22 12
12 22
19 15
10 23
16 11
3 7
25 27
26 24
20 28
18 8
7 9
5 4
19 15
15 20
5 4
6 11
18 8
2 1
14 23
28 20
3 7
17 21
10 8
7 28
16 14
23 10
11 6
3 17
1 2
12 28
14 2
21 17
27 25
24 26

20 25
4 18
4 6
16 12
11 15
3 2
17 2
9 5
1 18
18 2
18 1
18 8
1 10
19 17
5 7
5 15
12 16
10 7
11 15
10 5
1 13
19 17
14 13
13 12
6 4
2 20

12 12
6 8
3 9
6 5
7 4
10 6
4 11
12 2
5 11
10 1
8 3
6 2
12 7

38 46
1 28
12 9
9 9
14 5
8 11
30 22
27 8
29 3
32 31
22 26
22 23
11 8
9 13
19 23
16 5
33 18
35 29
27 20
7 5
38 9
8 11
37 36
26 10
21 32
25 31
33 7
4 4
4 8
6 34
35 21
28 15
9 9
30 25
3 18
17 14
24 1
4 4
13 36
24 23
2 38
6 10
34 15
19 17
8 22
37 37
11 13

16 23
2 13
12 8
15 7
10 5
16 1
2 13
12 14
12 8
6 9
7 3
15 11
13 10
8 1
9 6
3 7
4 14
1 16
4 14
2 3
13 9
11 15
2 14
5 10

10 13
7 6
3 1
7 5
10 1
8 2
10 6
7 5
4 2
4 2
8 3
3 9
8 3
6 1

18 17
17 9
12 15
18 3
10 2
1 7
11 7
13 14
3 9
1 14
8 11
14 15
6 7
10 5
4 17
3 13
13 5
16 3

10 10
3 7
1 2
6 8
4 2
4 8
9 5
1 3
10 5
5 2
6 5

11 11
2 4
6 1
8 7
11 9
3 1
7 5
10 2
11 3
9 6
8 9
6 4

10 13
8 9
5 7
1 2
7 6
1 2
7 6
9 5
2 3
1 7
4 5
8 9
10 4
10 4

11 11
3 6
6 9
10 7
4 11
11 7
6 2
3 11
1 9
5 4
3 8
10 5

44 51
42 39
35 27
38 28
14 32
4 6
16 24
29 34
33 27
15 3
13 23
37 21
6 1
30 37
36 7
23 18
31 16
9 20
19 36
43 11
38 24
8 17
42 39
10 36
24 28
23 2
12 32
17 11
8 37
9 3
10 5
35 31
4 12
26 2
7 10
34 21
44 24
3 14
4 22
1 22
33 40
20 15
4 39
26 25
41 5
11 19
11 43
13 25
29 42
8 30
41 40
44 2

31 31
5 9
22 1
25 17
10 4
17 5
8 22
15 1
21 28
23 31
22 17
29 23
31 10
30 15
24 14
10 2
18 20
25 13
25 6
3 2
19 24
27 3
2 27
28 26
5 16
29 28
23 8
15 11
29 24
31 12
20 7
20 1

12 12
8 9
9 7
12 8
1 9
5 11
10 6
7 9
8 6
7 2
6 3
4 11
11 12

12 31
11 11
3 5
9 9
3 4
5 5
5 10
2 10
5 5
9 11
6 7
12 12
4 8
7 1
8 1
8 6
12 12
2 10
10 10
1 3
5 5
6 1
5 9
5 5
3 6
1 4
12 2
11 9
5 5
4 1
10 2
2 2

38 39
6 5
29 18
2 25
24 26
10 11
16 26
35 37
33 31
7 8
15 15
13 12
19 36
29 15
21 1
27 3
17 27
21 17
36 22
25 9
7 28
5 19
1 11
18 20
2 31
23 16
14 22
22 23
13 37
30 15
12 38
30 38
28 10
8 32
6 32
4 35
14 36
4 33
34 20
24 34

19 25
1 19
13 10
10 18
13 15
9 12
16 11
17 4
3 17
5 8
1 1
6 14
4 6
8 10
14 7
1 4
16 1
4 17
16 11
9 12
6 7
2 19
6 10
19 2
12 10
5 8

16 22
3 3
2 6
5 7
9 12
10 9
15 9
14 1
15 15
5 2
1 7
12 8
2 2
11 1
13 13
5 5
15 13
4 16
6 4
5 3
6 16
15 15
9 3

23 33
16 14
23 11
2 9
12 9
3 23
4 20
22 8
20 3
4 15
1 16
16 14
12 10
18 2
18 2
10 7
6 17
21 18
8 22
19 13
15 19
19 13
5 6
23 22
8 21
7 10
11 23
5 6
17 1
1 17
10 5
12 9
3 20
4 15

15 20
8 6
10 7
10 7
9 13
3 1
5 12
12 6
1 3
11 14
7 9
2 14
5 15
4 9
13 11
2 8
15 12
11 4
14 2
6 8
2 3

14 15
5 3
10 9
3 13
11 12
6 4
8 7
4 10
2 1
14 3
1 10
14 7
6 9
5 9
12 13
8 11

14 14
13 8
9 8
1 11
2 6
10 4
5 11
7 6
14 9
13 10
6 9
11 5
11 13
11 3
12 10
