25
18 79
88 93
90 65
38 33
95 37
76 9
27 17
92 61
24 21
31 59
2 26
89 68
70 62
48 72
82 51
5 46
87 71
78 96
58 10
98 42
49 32
94 57
20 22
54 69
19 15
27
36 92
82 61
51 70
11 52
35 65
9 96
25 5
87 50
60 97
91 49
6 44
81 39
59 57
66 73
89 20
95 63
24 21
76 2
79 74
31 19
83 94
75 22
30 98
84 37
53 42
90 55
58 1
2
38 3
25 74
2
75 95
49 20
4
5 4
7 3
11 8
6 1
2
3 5
9 2
2
10 7
9 4
2
17 8
21 3
12
17 31
24 12
37 27
33 11
34 46
21 44
39 43
2 9
3 8
23 20
10 30
35 41
1
20 9
1
10 4
1
5 18
4
5 14
15 8
25 17
11 3
3
17 16
20 8
14 3
1
10 6
3
25 24
19 18
22 2
5
3 8
19 9
20 11
6 14
16 2
1
9 1
3
12 20
2 4
37 16
2
5 11
6 16
2
4 9
5 6
4
8 4
6 16
18 2
12 1
2
9 10
7 1
1
10 5
2
3 8
10 2
2
7 2
8 1
1
18 9
8
4 13
27 6
12 9
21 16
26 30
14 11
19 18
7 1
3
10 4
3 2
5 1
2
12 11
3 2
1
3 9
4
2 18
3 5
15 9
11 1
3
14 10
16 13
8 11
1
13 14
2
10 15
3 4
1
2 14
4
14 4
2 12
7 3
1 5
